1296
dimethyl cage unit cell
Zr      6.875800   16.698900    0.311100
Zr      7.861900   19.199600    2.317900
Zr      4.661200   18.985000    1.324800
Zr     -1.013200    9.051200    7.763400
Zr     -0.001800    8.815300    4.588300
Zr     -2.040200   11.305500    5.511900
Zr      9.958600    8.838900   10.350600
Zr     11.980700   11.158300    9.027400
Zr     10.646700    8.792900    7.057700
Zr      3.198300   16.884000   14.318900
Zr      2.114200   19.300900   12.269500
Zr      5.367900   19.092900   13.066500
O       6.312400   17.878300    1.908300
O       8.347300   18.239700    0.484900
H       9.053900   18.445800   -0.116100
O       6.317500   20.316400    1.439100
H       6.349900   21.222000    1.152400
O       5.409100   18.045200   -0.409400
H       5.146400   18.193100   -1.310800
O      -0.458800   10.139300    6.115200
O      -0.871600    7.692600    6.149900
H      -1.141000    6.781800    6.130800
O      -1.825900    9.764200    4.068400
H      -2.413500    9.549700    3.352500
O      -2.769200    9.958600    6.984300
H      -3.671200    9.800100    7.235500
O      10.304500   10.005100    8.687900
O      11.858600    9.731500   10.611900
H      12.510400    9.542400   11.277300
O      12.494800    9.686800    7.579500
H      13.359500    9.478800    7.241200
O      10.615800    7.549800    8.782400
H      10.842200    6.629600    8.841500
O       3.677100   17.993600   12.622800
O       1.727900   18.413400   14.160800
H       1.055200   18.646600   14.791500
O       3.719600   20.457500   13.027200
H       3.708100   21.371100   13.288600
O       4.704600   18.251700   14.891300
H       5.013800   18.443600   15.769400
C       6.741700   16.037300   -2.141300
H       6.103100   16.462600   -2.701200
C       6.548100   14.898300   -1.395000
H       5.735900   14.409900   -1.337000
C       7.722800   14.581700   -0.749400
H       7.847400   13.825500   -0.187100
C       8.675200   15.514300   -1.029700
H       9.570900   15.551700   -0.711700
C       8.005900   16.436500   -1.930300
H       8.405400   17.209300   -2.315800
C       9.892600   20.550400    1.596500
H      10.194800   20.481200    0.696600
C      10.294400   19.767500    2.667200
H      10.906600   19.041300    2.644100
C       9.624700   20.251000    3.769300
H       9.726300   19.928100    4.656600
C       8.765100   21.304000    3.375700
H       8.167100   21.791800    3.931400
C       8.959200   21.467400    2.100300
H       8.519000   22.126200    1.575900
C       3.061000   19.812200   -0.475500
H       3.150700   19.440300   -1.344300
C       3.702300   20.892800    0.006300
H       4.321900   21.425100   -0.482700
C       3.325100   21.111300    1.328900
H       3.620600   21.818600    1.889700
C       2.432300   20.109900    1.678400
H       2.025800   19.969500    2.526900
C       2.258100   19.352900    0.529000
H       1.664000   18.616900    0.450100
C      -2.800300    7.919700    9.163400
H      -3.695300    7.973600    8.854600
C      -2.174400    8.817900   10.004200
H      -2.573200    9.592200   10.383100
C      -0.859700    8.394600   10.199400
H      -0.205700    8.831000   10.734200
C      -0.659600    7.173000    9.440500
H       0.134700    6.657300    9.365400
C      -1.893600    6.928700    8.848500
H      -2.089500    6.176700    8.301200
C       0.932400    6.600100    3.728300
H       1.341500    6.000300    4.342800
C       1.560200    7.560100    3.023000
H       2.487500    7.765100    3.065000
C       0.593100    8.220800    2.207400
H       0.742600    8.948200    1.613900
C      -0.647700    7.551500    2.471900
H      -1.482400    7.732200    2.057000
C      -0.411400    6.639600    3.397700
H      -1.075400    6.082500    3.784800
C      -3.173700   13.473700    4.965900
H      -2.657800   14.265600    5.067600
C      -3.268000   12.740700    3.826000
H      -2.836000   12.927700    3.000700
C      -4.103500   11.677400    4.077900
H      -4.351500   11.007000    3.453300
C      -4.525000   11.744500    5.397300
H      -5.099200   11.134200    5.845800
C      -3.930200   12.900800    5.942000
H      -4.039600   13.223500    6.828900
C       9.029700    6.775600   11.493600
H       8.489100    6.184000   10.981800
C       8.616700    7.864700   12.227300
H       7.720600    8.162600   12.318800
C       9.714100    8.446200   12.803600
H       9.700100    9.226200   13.347300
C      10.795400    7.751100   12.485500
H      11.680800    7.930600   12.779200
C      10.414100    6.732600   11.670000
H      10.997600    6.092700   11.277800
C      13.339600   12.811300   10.353700
H      12.928700   13.179400   11.127800
C      14.136500   11.655100   10.300200
H      14.388100   11.117400   11.041300
C      14.498600   11.433100    8.993400
H      15.021300   10.708300    8.670000
C      13.958600   12.475800    8.218700
H      14.059300   12.580000    7.279300
C      13.260600   13.313700    9.046900
H      12.801600   14.101600    8.783000
C      11.255000    6.539800    6.046000
H      11.391100    5.815500    6.645600
C      12.234900    7.456900    5.595700
H      13.159800    7.446200    5.819800
C      11.603500    8.387700    4.751700
H      12.010800    9.126100    4.314900
C      10.273400    8.023000    4.682500
H       9.609300    8.478800    4.177900
C      10.054100    6.909800    5.444500
H       9.222600    6.461700    5.544100
C       3.395600   16.400400   16.831100
H       4.008000   16.902800   17.353900
C       3.676300   15.208000   16.217000
H       4.510600   14.755800   16.232500
C       2.528000   14.774400   15.568400
H       2.429300   13.981600   15.053400
C       1.534000   15.744800   15.826600
H       0.633700   15.696500   15.524900
C       2.058700   16.768600   16.576000
H       1.615700   17.558900   16.861000
C      -0.293000   19.980900   12.410000
H      -0.900700   19.338100   12.757000
C       0.074200   20.135700   11.059100
H      -0.211800   19.622200   10.312700
C       0.951600   21.212800   11.068500
H       1.353500   21.582100   10.292900
C       1.153900   21.656700   12.293500
H       1.738900   22.363500   12.540600
C       0.391100   20.928900   13.131100
H       0.332000   21.053600   14.072700
C       7.519600   20.385200   12.507600
H       7.815000   20.438900   11.605900
C       6.685800   21.266100   13.105900
H       6.279700   22.028100   12.711100
C       6.551200   20.827400   14.409500
H       6.024400   21.244400   15.083800
C       7.297900   19.691800   14.570100
H       7.391500   19.189700   15.371000
C       7.873700   19.418200   13.383000
H       8.432100   18.673400   13.193800
O       8.638400   17.391400    3.306400
O       8.002000   15.750000    1.889400
O      10.254200   10.674400    6.001900
O      11.150400   12.257300    7.311800
C       8.497000   16.164700    2.991500
C       9.012700   15.111700    3.929900
C       9.426700   15.356000    5.230400
C       9.890900   14.235900    5.967200
H      10.189200   14.364200    6.861600
C       9.920700   12.959300    5.422500
C       9.561600   12.751100    4.125100
C       9.052600   13.826400    3.413500
H       8.721200   13.677100    2.534600
C      10.455600   11.913200    6.316800
C       9.396400   16.703200    5.920000
H       9.740400   16.610800    6.833600
H       9.952900   17.338900    5.424400
H       8.473400   17.033700    5.952300
C       9.506900   11.414200    3.429200
H       9.218800   11.541200    2.500700
H      10.399300   11.005600    3.439000
H       8.874600   10.828100    3.891400
O       5.190900   15.522900    1.036000
O       3.691100   17.064500    1.694100
O      -0.444200   12.267600    4.380200
O       0.956200   10.612400    3.785000
C       4.096200   15.873900    1.599700
C       3.108200   14.836400    2.106600
C       1.758600   15.034300    2.383700
C       1.008400   14.014000    2.956900
H       0.088900   14.149400    3.145400
C       1.609400   12.794100    3.249700
C       2.955400   12.596200    2.972600
C       3.704000   13.616500    2.402600
H       4.625900   13.481000    2.212300
C       0.969000   16.367700    2.094000
H       0.036100   16.262800    2.377000
H       1.379000   17.106000    2.592900
H       0.999500   16.565000    1.135400
C       3.649500   11.262800    3.256000
H       4.590700   11.322700    2.994800
H       3.588200   11.060800    4.214300
H       3.210900   10.551600    2.744800
C       3.304100   14.783100    2.260900
C       2.025000   15.187400    2.613600
H       1.762100   16.093100    2.501300
C       1.122300   14.263400    3.133200
C       1.505800   12.938600    3.300100
C       2.784900   12.534300    2.947400
H       3.047500   11.628000    3.060400
C       3.687500   13.454800    2.427800
C       5.151500   12.802700    2.065700
H       5.740400   13.498600    1.705800
H       5.550500   12.426700    2.878900
H       5.037900   12.093600    1.400000
C      -0.257400   14.834700    3.407200
H      -0.835900   14.132600    3.771100
H      -0.185700   15.566800    4.056400
H      -0.641400   15.175600    2.573000
C       0.607300   11.865000    3.873200
O       6.672800   19.404500    4.122000
O       4.540600   19.261700    3.526800
O       5.310400   19.263400   10.882700
O       3.148900   19.380400   10.344300
C       5.457100   19.244500    4.392800
C       5.110000   19.122300    5.835000
C       3.792400   19.189400    6.310500
C       3.641700   19.198000    7.686600
H       2.763300   19.280400    8.040500
C       4.719000   19.091300    8.596600
C       5.969600   18.921000    8.121100
C       6.170400   18.969200    6.723000
H       7.053300   18.896000    6.380300
C       4.380100   19.246200   10.064000
C       2.525900   19.282300    5.431900
H       2.782600   19.265000    4.486200
H       1.938900   18.522100    5.625200
H       2.054500   20.118300    5.627600
C       7.214400   18.675000    8.952400
H       7.990300   18.586400    8.362000
H       7.352300   19.427400    9.564700
H       7.102000   17.849600    9.470600
O       1.812600    8.664700    5.768900
O       1.168900    8.857400    7.903800
O       8.003900    8.692300    9.393300
O       8.489400    8.656100    7.195300
C       2.031200    8.840200    7.003200
C       3.480000    8.945200    7.390600
C       3.949300    8.938300    8.665900
C       5.326000    8.909100    8.905200
H       5.641600    8.867800    9.799200
C       6.239800    8.941800    7.856600
C       5.764200    9.105200    6.559200
C       4.385700    9.070800    6.357700
H       4.053300    9.138000    5.469300
C       7.676100    8.771400    8.165200
C       3.066700    8.895300    9.934900
H       3.637800    8.897700   10.730900
H       2.480600    9.681200    9.951100
H       2.520800    8.081600    9.926200
C       6.633400    9.402900    5.384700
H       7.573200    9.395700    5.662000
H       6.492700    8.721900    4.692700
H       6.405900   10.285200    5.023800
O      -0.691100   10.989200    8.713100
O      -1.329100   12.513600    7.182700
O       1.235700   17.462000   11.455800
O       1.954000   15.858400   12.850800
C      -0.771200   12.174700    8.272300
C      -0.200500   13.238000    9.254700
C      -0.195200   14.547300    8.791800
C       0.310700   15.565900    9.591700
H       0.315400   16.461900    9.272400
C       0.807700   15.275100   10.854400
C       0.800700   13.965800   11.320400
C       0.298400   12.947200   10.520600
H       0.292500   12.052000   10.839000
C      -0.645600   15.163300    7.390600
H      -0.505200   16.133400    7.397900
H      -0.115300   14.762600    6.669900
H      -1.595800   14.972900    7.240000
C       1.243600   13.181200   12.633500
H       1.620800   13.812100   13.280300
H       0.462100   12.737800   13.026700
H       1.917000   12.508400   12.400700
C      -0.226800   13.299900    9.065800
C      -0.123400   14.642000    8.741500
H      -0.435800   14.953100    7.901300
C       0.440300   15.531500    9.648300
C       0.897100   15.073800   10.879600
C       0.795300   13.724900   11.200800
H       1.109000   13.412700   12.041700
C       0.231600   12.835400   10.293900
C       0.433000   11.562200   11.150400
H       0.084200   10.787500   10.666700
H       1.387200   11.439000   11.329300
H      -0.048800   11.664800   11.998500
C       0.431300   16.981900    8.870600
H       0.818600   17.662800    9.451100
H       0.963400   16.906400    8.048200
H      -0.489200   17.219100    8.642500
C       1.404900   16.247200   11.799100
O      10.518100   12.277900   10.199400
O       9.154600   10.753500   11.100000
O       6.283100   17.147100   12.709100
O       4.840700   15.651900   13.543600
C       9.451400   11.949300   10.797700
C       8.516300   13.002300   11.263800
C       8.687300   14.359800   10.952000
C       7.811100   15.256200   11.509400
H       7.943900   16.182400   11.347900
C       6.737300   14.867400   12.299800
C       6.512900   13.508100   12.564300
C       7.425800   12.623700   11.997500
H       7.280000   11.695000   12.130900
C       5.903800   15.959900   12.904400
C       9.776300   14.915500   10.029400
H      10.332200   14.179400    9.699500
H       9.359900   15.376500    9.272200
H      10.335400   15.547800   10.529200
C       5.342900   12.940300   13.335800
H       4.787600   13.674700   13.674400
H       4.805500   12.372400   12.744600
H       5.673700   12.408100   14.088400
Zr     20.311016    8.096100   15.433596
Zr     19.324916   10.596800   13.426796
Zr     22.525616   10.382200   14.419896
Zr     28.200016    0.448400    7.981296
Zr     27.188616    0.212500   11.156396
Zr     29.227016    2.702700   10.232796
Zr     17.228216    0.236100    5.394096
Zr     15.206116    2.555500    6.717296
Zr     16.540116    0.190100    8.686996
Zr     23.988516    8.281200    1.425796
Zr     25.072616   10.698100    3.475196
Zr     21.818916   10.490100    2.678196
O      20.874416    9.275500   13.836396
O      18.839516    9.636900   15.259796
H      18.132916    9.843000   15.860796
O      20.869316   11.713600   14.305596
H      20.836916   12.619200   14.592296
O      21.777716    9.442400   16.154096
H      22.040416    9.590300   17.055496
O      27.645616    1.536500    9.629496
O      28.058416   -0.910200    9.594796
H      28.327816   -1.821000    9.613896
O      29.012716    1.161400   11.676296
H      29.600316    0.946900   12.392196
O      29.956016    1.355800    8.760396
H      30.858016    1.197300    8.509196
O      16.882316    1.402300    7.056796
O      15.328216    1.128700    5.132796
H      14.676416    0.939600    4.467396
O      14.692016    1.084000    8.165196
H      13.827316    0.876000    8.503496
O      16.571016   -1.053000    6.962296
H      16.344616   -1.973200    6.903196
O      23.509716    9.390800    3.121896
O      25.458916    9.810600    1.583896
H      26.131616   10.043800    0.953196
O      23.467216   11.854700    2.717496
H      23.478716   12.768300    2.456096
O      22.482216    9.648900    0.853396
H      22.173016    9.840800   -0.024704
C      20.445116    7.434500   17.885996
H      21.083716    7.859800   18.445896
C      20.638716    6.295500   17.139696
H      21.450916    5.807100   17.081696
C      19.464016    5.978900   16.494096
H      19.339416    5.222700   15.931796
C      18.511616    6.911500   16.774396
H      17.615916    6.948900   16.456396
C      19.180916    7.833700   17.674996
H      18.781416    8.606500   18.060496
C      17.294216   11.947600   14.148196
H      16.992016   11.878400   15.048096
C      16.892416   11.164700   13.077496
H      16.280216   10.438500   13.100596
C      17.562116   11.648200   11.975396
H      17.460516   11.325300   11.088096
C      18.421716   12.701200   12.368996
H      19.019716   13.189000   11.813296
C      18.227616   12.864600   13.644396
H      18.667816   13.523400   14.168796
C      24.125816   11.209400   16.220196
H      24.036116   10.837500   17.088996
C      23.484516   12.290000   15.738396
H      22.864916   12.822300   16.227396
C      23.861716   12.508500   14.415796
H      23.566216   13.215800   13.854996
C      24.754516   11.507100   14.066296
H      25.161016   11.366700   13.217796
C      24.928716   10.750100   15.215696
H      25.522816   10.014100   15.294596
C      29.987116   -0.683100    6.581296
H      30.882116   -0.629200    6.890096
C      29.361216    0.215100    5.740496
H      29.760016    0.989400    5.361596
C      28.046516   -0.208200    5.545296
H      27.392516    0.228200    5.010496
C      27.846416   -1.429800    6.304196
H      27.052116   -1.945500    6.379296
C      29.080416   -1.674100    6.896196
H      29.276316   -2.426100    7.443496
C      26.254416   -2.002700   12.016396
H      25.845316   -2.602500   11.401896
C      25.626616   -1.042700   12.721696
H      24.699316   -0.837700   12.679696
C      26.593716   -0.382000   13.537296
H      26.444216    0.345400   14.130796
C      27.834516   -1.051300   13.272796
H      28.669216   -0.870600   13.687696
C      27.598216   -1.963200   12.346996
H      28.262216   -2.520300   11.959896
C      30.360516    4.870900   10.778796
H      29.844616    5.662800   10.677096
C      30.454816    4.137900   11.918696
H      30.022816    4.324900   12.743996
C      31.290316    3.074600   11.666796
H      31.538316    2.404200   12.291396
C      31.711816    3.141700   10.347396
H      32.286016    2.531400    9.898896
C      31.117016    4.298000    9.802696
H      31.226416    4.620700    8.915796
C      18.157116   -1.827200    4.251096
H      18.697716   -2.418800    4.762896
C      18.570116   -0.738100    3.517396
H      19.466216   -0.440200    3.425896
C      17.472716   -0.156600    2.941096
H      17.486716    0.623400    2.397396
C      16.391416   -0.851700    3.259196
H      15.506016   -0.672200    2.965496
C      16.772716   -1.870200    4.074696
H      16.189216   -2.510100    4.466896
C      13.847216    4.208500    5.390996
H      14.258116    4.576600    4.616896
C      13.050316    3.052300    5.444496
H      12.798716    2.514600    4.703396
C      12.688216    2.830300    6.751296
H      12.165516    2.105500    7.074696
C      13.228216    3.873000    7.525996
H      13.127516    3.977200    8.465396
C      13.926216    4.710900    6.697796
H      14.385216    5.498800    6.961696
C      15.931816   -2.063000    9.698696
H      15.795716   -2.787300    9.099096
C      14.951916   -1.145900   10.148996
H      14.027016   -1.156600    9.924896
C      15.583316   -0.215100   10.992996
H      15.176016    0.523300   11.429796
C      16.913416   -0.579800   11.062196
H      17.577516   -0.124000   11.566796
C      17.132716   -1.693000   10.300196
H      17.964216   -2.141100   10.200596
C      23.791216    7.797600   -1.086404
H      23.178816    8.300000   -1.609204
C      23.510516    6.605200   -0.472304
H      22.676216    6.153000   -0.487804
C      24.658816    6.171600    0.176296
H      24.757516    5.378800    0.691296
C      25.652816    7.142000   -0.081904
H      26.553116    7.093700    0.219796
C      25.128116    8.165800   -0.831304
H      25.571116    8.956100   -1.116304
C      27.479816   11.378100    3.334696
H      28.087516   10.735300    2.987696
C      27.112616   11.532900    4.685596
H      27.398616   11.019400    5.431996
C      26.235216   12.610000    4.676196
H      25.833316   12.979300    5.451796
C      26.032916   13.053900    3.451196
H      25.447916   13.760700    3.204096
C      26.795716   12.326100    2.613596
H      26.854816   12.450800    1.671996
C      19.667216   11.782400    3.237096
H      19.371816   11.836100    4.138796
C      20.501016   12.663300    2.638796
H      20.907116   13.425300    3.033596
C      20.635616   12.224600    1.335196
H      21.162416   12.641600    0.660896
C      19.888916   11.089000    1.174596
H      19.795316   10.586900    0.373696
C      19.313116   10.815400    2.361696
H      18.754716   10.070600    2.550896
O      18.548416    8.788600   12.438296
O      19.184816    7.147200   13.855296
O      16.932616    2.071600    9.742796
O      16.036416    3.654500    8.432896
C      18.689816    7.561900   12.753196
C      18.174116    6.508900   11.814796
C      17.760116    6.753200   10.514296
C      17.295916    5.633100    9.777496
H      16.997616    5.761400    8.883096
C      17.266116    4.356500   10.322196
C      17.625216    4.148300   11.619596
C      18.134216    5.223600   12.331196
H      18.465616    5.074300   13.210096
C      16.731216    3.310400    9.427896
C      17.790416    8.100400    9.824696
H      17.446416    8.008000    8.911096
H      17.233916    8.736100   10.320296
H      18.713416    8.430900    9.792396
C      17.679916    2.811400   12.315496
H      17.968016    2.938400   13.243996
H      16.787516    2.402800   12.305696
H      18.312216    2.225300   11.853296
O      21.995916    6.920100   14.708696
O      23.495716    8.461700   14.050596
O      27.631016    3.664800   11.364496
O      26.230616    2.009600   11.959696
C      23.090616    7.271100   14.144996
C      24.078616    6.233600   13.638096
C      25.428216    6.431500   13.360996
C      26.178416    5.411200   12.787796
H      27.097916    5.546600   12.599296
C      25.577416    4.191300   12.494996
C      24.231416    3.993400   12.772096
C      23.482816    5.013700   13.342096
H      22.560916    4.878200   13.532396
C      26.217816    7.764900   13.650696
H      27.150716    7.660000   13.367696
H      25.807816    8.503200   13.151796
H      26.187316    7.962200   14.609296
C      23.537316    2.660000   12.488696
H      22.596116    2.719900   12.749896
H      23.598616    2.458000   11.530396
H      23.975916    1.948800   12.999896
C      23.882716    6.180300   13.483796
C      25.161816    6.584600   13.131096
H      25.424716    7.490300   13.243396
C      26.064516    5.660600   12.611496
C      25.681016    4.335800   12.444596
C      24.401916    3.931500   12.797296
H      24.139316    3.025200   12.684296
C      23.499316    4.852000   13.316896
C      22.035316    4.199900   13.678996
H      21.446416    4.895800   14.038896
H      21.636316    3.823900   12.865796
H      22.148916    3.490800   14.344696
C      27.444216    6.231900   12.337496
H      28.022716    5.529800   11.973596
H      27.372516    6.964000   11.688296
H      27.828216    6.572800   13.171696
C      26.579516    3.262200   11.871496
O      20.514016   10.801700   11.622696
O      22.646216   10.658900   12.217896
O      21.876416   10.660600    4.861996
O      24.037916   10.777600    5.400396
C      21.729716   10.641700   11.351896
C      22.076816   10.519500    9.909696
C      23.394416   10.586600    9.434196
C      23.545116   10.595200    8.058096
H      24.423516   10.677600    7.704196
C      22.467816   10.488500    7.148096
C      21.217216   10.318200    7.623596
C      21.016416   10.366400    9.021696
H      20.133516   10.293200    9.364396
C      22.806716   10.643400    5.680696
C      24.660916   10.679500   10.312796
H      24.404216   10.662200   11.258496
H      25.247916    9.919300   10.119496
H      25.132316   11.515500   10.117096
C      19.972416   10.072200    6.792296
H      19.196516    9.983600    7.382696
H      19.834516   10.824600    6.179996
H      20.084816    9.246800    6.274096
O      25.374216    0.061900    9.975796
O      26.017916    0.254600    7.840896
O      19.182916    0.089500    6.351396
O      18.697416    0.053300    8.549396
C      25.155616    0.237400    8.741496
C      23.706816    0.342400    8.354096
C      23.237516    0.335500    7.078796
C      21.860816    0.306300    6.839496
H      21.545216    0.265000    5.945496
C      20.947016    0.339000    7.888096
C      21.422616    0.502400    9.185496
C      22.801116    0.468000    9.386996
H      23.133516    0.535200   10.275396
C      19.510716    0.168600    7.579496
C      24.120116    0.292500    5.809796
H      23.549016    0.294900    5.013796
H      24.706216    1.078400    5.793596
H      24.666016   -0.521200    5.818496
C      20.553416    0.800100   10.359996
H      19.613616    0.792900   10.082696
H      20.694116    0.119100   11.051996
H      20.780916    1.682400   10.720896
O      27.877916    2.386400    7.031596
O      28.515916    3.910800    8.561996
O      25.951116    8.859200    4.288896
O      25.232816    7.255600    2.893896
C      27.958016    3.571900    7.472396
C      27.387316    4.635200    6.489996
C      27.382016    5.944500    6.952896
C      26.876116    6.963100    6.152996
H      26.871416    7.859100    6.472296
C      26.379116    6.672300    4.890296
C      26.386116    5.363000    4.424296
C      26.888416    4.344400    5.224096
H      26.894316    3.449200    4.905696
C      27.832416    6.560500    8.354096
H      27.692016    7.530600    8.346796
H      27.302116    6.159800    9.074796
H      28.782616    6.370100    8.504696
C      25.943216    4.578400    3.111196
H      25.566016    5.209300    2.464396
H      26.724716    4.135000    2.717996
H      25.269816    3.905600    3.343996
C      27.413616    4.697100    6.678896
C      27.310216    6.039200    7.003196
H      27.622616    6.350300    7.843396
C      26.746516    6.928700    6.096396
C      26.289716    6.471000    4.865096
C      26.391516    5.122100    4.543896
H      26.077816    4.809900    3.702996
C      26.955216    4.232600    5.450796
C      26.753816    2.959400    4.594296
H      27.102616    2.184700    5.077996
H      25.799616    2.836200    4.415396
H      27.235616    3.062000    3.746196
C      26.755516    8.379100    6.874096
H      26.368216    9.060000    6.293596
H      26.223416    8.303600    7.696496
H      27.676016    8.616300    7.102196
C      25.781916    7.644400    3.945596
O      16.668716    3.675100    5.545296
O      18.032216    2.150700    4.644696
O      20.903716    8.544300    3.035596
O      22.346116    7.049100    2.201096
C      17.735416    3.346500    4.946996
C      18.670516    4.399500    4.480896
C      18.499516    5.757000    4.792696
C      19.375716    6.653400    4.235296
H      19.242916    7.579600    4.396796
C      20.449516    6.264600    3.444896
C      20.673916    4.905300    3.180396
C      19.761016    4.020900    3.747196
H      19.906816    3.092200    3.613796
C      21.283016    7.357100    2.840296
C      17.410516    6.312700    5.715296
H      16.854616    5.576600    6.045196
H      17.826916    6.773700    6.472496
H      16.851416    6.945000    5.215496
C      21.843916    4.337500    2.408896
H      22.399216    5.071900    2.070296
H      22.381316    3.769600    3.000096
H      21.513116    3.805300    1.656296
Zr     12.206831    0.506700   31.178292
Zr     11.220731   -1.994000   29.171492
Zr     14.421431   -1.779400   30.164592
Zr     20.095831    8.154400   23.725992
Zr     19.084431    8.390300   26.901092
Zr     21.122831    5.900100   25.977492
Zr      9.124031    8.366700   21.138792
Zr      7.101931    6.047300   22.461992
Zr      8.435931    8.412700   24.431692
Zr     15.884331    0.321600   17.170492
Zr     16.968431   -2.095300   19.219892
Zr     13.714731   -1.887300   18.422892
O      12.770231   -0.672700   29.581092
O      10.735331   -1.034100   31.004492
H      10.028731   -1.240200   31.605492
O      12.765131   -3.110800   30.050292
H      12.732731   -4.016400   30.336992
O      13.673531   -0.839600   31.898792
H      13.936231   -0.987500   32.800192
O      19.541431    7.066300   25.374192
O      19.954231    9.513000   25.339492
H      20.223631   10.423800   25.358592
O      20.908531    7.441400   27.420992
H      21.496131    7.655900   28.136892
O      21.851831    7.247000   24.505092
H      22.753831    7.405500   24.253892
O       8.778131    7.200500   22.801492
O       7.224031    7.474100   20.877492
H       6.572231    7.663200   20.212092
O       6.587831    7.518800   23.909892
H       5.723131    7.726800   24.248192
O       8.466831    9.655800   22.706992
H       8.240431   10.576000   22.647892
O      15.405531   -0.788000   18.866592
O      17.354731   -1.207800   17.328592
H      18.027431   -1.441000   16.697892
O      15.363031   -3.251900   18.462192
H      15.374531   -4.165500   18.200792
O      14.378031   -1.046100   16.598092
H      14.068831   -1.238000   15.719992
C      12.340931    1.168300   33.630692
H      12.979531    0.743000   34.190592
C      12.534531    2.307300   32.884392
H      13.346731    2.795700   32.826392
C      11.359831    2.623900   32.238792
H      11.235231    3.380100   31.676492
C      10.407431    1.691300   32.519092
H       9.511731    1.653900   32.201092
C      11.076731    0.769100   33.419692
H      10.677231   -0.003700   33.805192
C       9.190031   -3.344800   29.892892
H       8.887831   -3.275600   30.792792
C       8.788231   -2.561900   28.822192
H       8.176031   -1.835700   28.845292
C       9.457931   -3.045400   27.720092
H       9.356331   -2.722500   26.832792
C      10.317531   -4.098400   28.113692
H      10.915531   -4.586200   27.557992
C      10.123431   -4.261800   29.389092
H      10.563631   -4.920600   29.913492
C      16.021631   -2.606600   31.964892
H      15.931931   -2.234700   32.833692
C      15.380331   -3.687200   31.483092
H      14.760731   -4.219500   31.972092
C      15.757531   -3.905700   30.160492
H      15.462031   -4.613000   29.599692
C      16.650331   -2.904300   29.810992
H      17.056831   -2.763900   28.962492
C      16.824531   -2.147300   30.960392
H      17.418631   -1.411300   31.039292
C      21.882931    9.285900   22.325992
H      22.777931    9.232000   22.634792
C      21.257031    8.387700   21.485192
H      21.655831    7.613400   21.106292
C      19.942331    8.811000   21.289992
H      19.288331    8.374600   20.755192
C      19.742231   10.032600   22.048892
H      18.947931   10.548300   22.123992
C      20.976231   10.276900   22.640892
H      21.172131   11.028900   23.188192
C      18.150231   10.605500   27.761092
H      17.741131   11.205300   27.146592
C      17.522431    9.645500   28.466392
H      16.595131    9.440500   28.424392
C      18.489531    8.984800   29.281992
H      18.340031    8.257400   29.875492
C      19.730331    9.654100   29.017492
H      20.565031    9.473400   29.432392
C      19.494031   10.566000   28.091692
H      20.158031   11.123100   27.704592
C      22.256331    3.731900   26.523492
H      21.740431    2.940000   26.421792
C      22.350631    4.464900   27.663392
H      21.918631    4.277900   28.488692
C      23.186131    5.528200   27.411492
H      23.434131    6.198600   28.036092
C      23.607631    5.461100   26.092092
H      24.181831    6.071400   25.643592
C      23.012831    4.304800   25.547392
H      23.122231    3.982100   24.660492
C      10.052931   10.430000   19.995792
H      10.593531   11.021600   20.507592
C      10.465931    9.340900   19.262092
H      11.362031    9.043000   19.170592
C       9.368531    8.759400   18.685792
H       9.382531    7.979400   18.142092
C       8.287231    9.454500   19.003892
H       7.401831    9.275000   18.710192
C       8.668531   10.473000   19.819392
H       8.085031   11.112900   20.211592
C       5.743031    4.394300   21.135692
H       6.153931    4.026200   20.361592
C       4.946131    5.550500   21.189192
H       4.694531    6.088200   20.448092
C       4.584031    5.772500   22.495992
H       4.061331    6.497300   22.819392
C       5.124031    4.729800   23.270692
H       5.023331    4.625600   24.210092
C       5.822031    3.891900   22.442492
H       6.281031    3.104000   22.706392
C       7.827631   10.665800   25.443392
H       7.691531   11.390100   24.843792
C       6.847731    9.748700   25.893692
H       5.922831    9.759400   25.669592
C       7.479131    8.817900   26.737692
H       7.071831    8.079500   27.174492
C       8.809231    9.182600   26.806892
H       9.473331    8.726800   27.311492
C       9.028531   10.295800   26.044892
H       9.860031   10.743900   25.945292
C      15.687031    0.805200   14.658292
H      15.074631    0.302800   14.135492
C      15.406331    1.997600   15.272392
H      14.572031    2.449800   15.256892
C      16.554631    2.431200   15.920992
H      16.653331    3.224000   16.435992
C      17.548631    1.460800   15.662792
H      18.448931    1.509100   15.964492
C      17.023931    0.437000   14.913392
H      17.466931   -0.353300   14.628392
C      19.375631   -2.775300   19.079392
H      19.983331   -2.132500   18.732392
C      19.008431   -2.930100   20.430292
H      19.294431   -2.416600   21.176692
C      18.131031   -4.007200   20.420892
H      17.729131   -4.376500   21.196492
C      17.928731   -4.451100   19.195892
H      17.343731   -5.157900   18.948792
C      18.691531   -3.723300   18.358292
H      18.750631   -3.848000   17.416692
C      11.563031   -3.179600   18.981792
H      11.267631   -3.233300   19.883492
C      12.396831   -4.060500   18.383492
H      12.802931   -4.822500   18.778292
C      12.531431   -3.621800   17.079892
H      13.058231   -4.038800   16.405592
C      11.784731   -2.486200   16.919292
H      11.691131   -1.984100   16.118392
C      11.208931   -2.212600   18.106392
H      10.650531   -1.467800   18.295592
O      10.444231   -0.185800   28.182992
O      11.080631    1.455600   29.599992
O       8.828431    6.531200   25.487492
O       7.932231    4.948300   24.177592
C      10.585631    1.040900   28.497892
C      10.069931    2.093900   27.559492
C       9.655931    1.849600   26.258992
C       9.191731    2.969700   25.522192
H       8.893431    2.841400   24.627792
C       9.161931    4.246300   26.066892
C       9.521031    4.454500   27.364292
C      10.030031    3.379200   28.075892
H      10.361431    3.528500   28.954792
C       8.627031    5.292400   25.172592
C       9.686231    0.502400   25.569392
H       9.342231    0.594800   24.655792
H       9.129731   -0.133300   26.064992
H      10.609231    0.171900   25.537092
C       9.575731    5.791400   28.060192
H       9.863831    5.664400   28.988692
H       8.683331    6.200000   28.050392
H      10.208031    6.377500   27.597992
O      13.891731    1.682700   30.453392
O      15.391531    0.141100   29.795292
O      19.526831    4.938000   27.109192
O      18.126431    6.593200   27.704392
C      14.986431    1.331700   29.889692
C      15.974431    2.369200   29.382792
C      17.324031    2.171300   29.105692
C      18.074231    3.191600   28.532492
H      18.993731    3.056200   28.343992
C      17.473231    4.411500   28.239692
C      16.127231    4.609400   28.516792
C      15.378631    3.589100   29.086792
H      14.456731    3.724600   29.277092
C      18.113631    0.837900   29.395392
H      19.046531    0.942800   29.112392
H      17.703631    0.099600   28.896492
H      18.083131    0.640600   30.353992
C      15.433131    5.942800   28.233392
H      14.491931    5.882900   28.494592
H      15.494431    6.144800   27.275092
H      15.871731    6.654000   28.744592
C      15.778531    2.422500   29.228492
C      17.057631    2.018200   28.875792
H      17.320531    1.112500   28.988092
C      17.960331    2.942200   28.356192
C      17.576831    4.267000   28.189292
C      16.297731    4.671300   28.541992
H      16.035131    5.577600   28.428992
C      15.395131    3.750800   29.061592
C      13.931131    4.402900   29.423692
H      13.342231    3.707000   29.783592
H      13.532131    4.778900   28.610492
H      14.044731    5.112000   30.089392
C      19.340031    2.370900   28.082192
H      19.918531    3.073000   27.718292
H      19.268331    1.638800   27.432992
H      19.724031    2.030000   28.916392
C      18.475331    5.340600   27.616192
O      12.409831   -2.198900   27.367392
O      14.542031   -2.056100   27.962592
O      13.772231   -2.057800   20.606692
O      15.933731   -2.174800   21.145092
C      13.625531   -2.038900   27.096592
C      13.972631   -1.916700   25.654392
C      15.290231   -1.983800   25.178892
C      15.440931   -1.992400   23.802792
H      16.319331   -2.074800   23.448892
C      14.363631   -1.885700   22.892792
C      13.113031   -1.715400   23.368292
C      12.912231   -1.763600   24.766392
H      12.029331   -1.690400   25.109092
C      14.702531   -2.040600   21.425392
C      16.556731   -2.076700   26.057492
H      16.300031   -2.059400   27.003192
H      17.143731   -1.316500   25.864192
H      17.028131   -2.912700   25.861792
C      11.868231   -1.469400   22.536992
H      11.092331   -1.380800   23.127392
H      11.730331   -2.221800   21.924692
H      11.980631   -0.644000   22.018792
O      17.270031    8.540900   25.720492
O      17.913731    8.348200   23.585592
O      11.078731    8.513300   22.096092
O      10.593231    8.549500   24.294092
C      17.051431    8.365400   24.486192
C      15.602631    8.260400   24.098792
C      15.133331    8.267300   22.823492
C      13.756631    8.296500   22.584192
H      13.441031    8.337800   21.690192
C      12.842831    8.263800   23.632792
C      13.318431    8.100400   24.930192
C      14.696931    8.134800   25.131692
H      15.029331    8.067600   26.020092
C      11.406531    8.434200   23.324192
C      16.015931    8.310300   21.554492
H      15.444831    8.307900   20.758492
H      16.602031    7.524400   21.538292
H      16.561831    9.124000   21.563192
C      12.449231    7.802700   26.104692
H      11.509431    7.809900   25.827392
H      12.589931    8.483700   26.796692
H      12.676731    6.920400   26.465592
O      19.773731    6.216400   22.776292
O      20.411731    4.692000   24.306692
O      17.846931   -0.256400   20.033592
O      17.128631    1.347200   18.638592
C      19.853831    5.030900   23.217092
C      19.283131    3.967600   22.234692
C      19.277831    2.658300   22.697592
C      18.771931    1.639700   21.897692
H      18.767231    0.743700   22.216992
C      18.274931    1.930500   20.634992
C      18.281931    3.239800   20.168992
C      18.784231    4.258400   20.968792
H      18.790131    5.153600   20.650392
C      19.728231    2.042300   24.098792
H      19.587831    1.072200   24.091492
H      19.197931    2.443000   24.819492
H      20.678431    2.232700   24.249392
C      17.839031    4.024400   18.855892
H      17.461831    3.393500   18.209092
H      18.620531    4.467800   18.462692
H      17.165631    4.697200   19.088692
C      19.309431    3.905700   22.423592
C      19.206031    2.563600   22.747892
H      19.518431    2.252500   23.588092
C      18.642331    1.674100   21.841092
C      18.185531    2.131800   20.609792
C      18.287331    3.480700   20.288592
H      17.973631    3.792900   19.447692
C      18.851031    4.370200   21.195492
C      18.649631    5.643400   20.338992
H      18.998431    6.418100   20.822692
H      17.695431    5.766600   20.160092
H      19.131431    5.540800   19.490892
C      18.651331    0.223700   22.618792
H      18.264031   -0.457200   22.038292
H      18.119231    0.299200   23.441192
H      19.571831   -0.013500   22.846892
C      17.677731    0.958400   19.690292
O       8.564531    4.927700   21.289992
O       9.928031    6.452100   20.389392
O      12.799531    0.058500   18.780292
O      14.241931    1.553700   17.945792
C       9.631231    5.256300   20.691692
C      10.566331    4.203300   20.225592
C      10.395331    2.845800   20.537392
C      11.271531    1.949400   19.979992
H      11.138731    1.023200   20.141492
C      12.345331    2.338200   19.189592
C      12.569731    3.697500   18.925092
C      11.656831    4.581900   19.491892
H      11.802631    5.510600   19.358492
C      13.178831    1.245700   18.584992
C       9.306331    2.290100   21.459992
H       8.750431    3.026200   21.789892
H       9.722731    1.829100   22.217192
H       8.747231    1.657800   20.960192
C      13.739731    4.265300   18.153592
H      14.295031    3.530900   17.814992
H      14.277131    4.833200   18.744792
H      13.408931    4.797500   17.400992
Zr     -1.228384    9.109500   16.055796
Zr     -0.242284    6.608800   18.062596
Zr     -3.442984    6.823400   17.069496
Zr     -9.117384   16.757200   23.508096
Zr     -8.105984   16.993100   20.332996
Zr    -10.144384   14.502900   21.256596
Zr      1.854416   16.969500   26.095296
Zr      3.876516   14.650100   24.772096
Zr      2.542516   17.015500   22.802396
Zr     -4.905884    8.924400   30.063596
Zr     -5.989984    6.507500   28.014196
Zr     -2.736284    6.715500   28.811196
O      -1.791784    7.930100   17.652996
O       0.243116    7.568700   16.229596
H       0.949716    7.362600   15.628596
O      -1.786684    5.492000   17.183796
H      -1.754284    4.586400   16.897096
O      -2.695084    7.763200   15.335296
H      -2.957784    7.615300   14.433896
O      -8.562984   15.669100   21.859896
O      -8.975784   18.115800   21.894596
H      -9.245184   19.026600   21.875496
O      -9.930084   16.044200   19.813096
H     -10.517684   16.258700   19.097196
O     -10.873384   15.849800   22.728996
H     -11.775384   16.008300   22.980196
O       2.200316   15.803300   24.432596
O       3.754416   16.076900   26.356596
H       4.406216   16.266000   27.021996
O       4.390616   16.121600   23.324196
H       5.255316   16.329600   22.985896
O       2.511616   18.258600   24.527096
H       2.738016   19.178800   24.586196
O      -4.427084    7.814800   28.367496
O      -6.376284    7.395000   29.905496
H      -7.048984    7.161800   30.536196
O      -4.384584    5.350900   28.771896
H      -4.396084    4.437300   29.033296
O      -3.399584    7.556700   30.635996
H      -3.090384    7.364800   31.514096
C      -1.362484    9.771100   13.603396
H      -2.001084    9.345800   13.043496
C      -1.556084   10.910100   14.349696
H      -2.368284   11.398500   14.407696
C      -0.381384   11.226700   14.995296
H      -0.256784   11.982900   15.557596
C       0.571016   10.294100   14.714996
H       1.466716   10.256700   15.032996
C      -0.098284    9.371900   13.814396
H       0.301216    8.599100   13.428896
C       1.788416    5.258000   17.341196
H       2.090616    5.327200   16.441296
C       2.190216    6.040900   18.411896
H       2.802416    6.767100   18.388796
C       1.520516    5.557400   19.513996
H       1.622116    5.880300   20.401296
C       0.660916    4.504400   19.120396
H       0.062916    4.016600   19.676096
C       0.855016    4.341000   17.844996
H       0.414816    3.682200   17.320596
C      -5.043184    5.996200   15.269196
H      -4.953484    6.368100   14.400396
C      -4.401884    4.915600   15.750996
H      -3.782284    4.383300   15.261996
C      -4.779084    4.697100   17.073596
H      -4.483584    3.989800   17.634396
C      -5.671884    5.698500   17.423096
H      -6.078384    5.838900   18.271596
C      -5.846084    6.455500   16.273696
H      -6.440184    7.191500   16.194796
C     -10.904484   17.888700   24.908096
H     -11.799484   17.834800   24.599296
C     -10.278584   16.990500   25.748896
H     -10.677384   16.216200   26.127796
C      -8.963884   17.413800   25.944096
H      -8.309884   16.977400   26.478896
C      -8.763784   18.635400   25.185196
H      -7.969484   19.151100   25.110096
C      -9.997784   18.879700   24.593196
H     -10.193684   19.631700   24.045896
C      -7.171784   19.208300   19.472996
H      -6.762684   19.808100   20.087496
C      -6.543984   18.248300   18.767696
H      -5.616684   18.043300   18.809696
C      -7.511084   17.587600   17.952096
H      -7.361584   16.860200   17.358596
C      -8.751884   18.256900   18.216596
H      -9.586584   18.076200   17.801696
C      -8.515584   19.168800   19.142396
H      -9.179584   19.725900   19.529496
C     -11.277884   12.334700   20.710596
H     -10.761984   11.542800   20.812296
C     -11.372184   13.067700   19.570696
H     -10.940184   12.880700   18.745396
C     -12.207684   14.131000   19.822596
H     -12.455684   14.801400   19.197996
C     -12.629184   14.063900   21.141996
H     -13.203384   14.674200   21.590496
C     -12.034384   12.907600   21.686696
H     -12.143784   12.584900   22.573596
C       0.925516   19.032800   27.238296
H       0.384916   19.624400   26.726496
C       0.512516   17.943700   27.971996
H      -0.383584   17.645800   28.063496
C       1.609916   17.362200   28.548296
H       1.595916   16.582200   29.091996
C       2.691216   18.057300   28.230196
H       3.576616   17.877800   28.523896
C       2.309916   19.075800   27.414696
H       2.893416   19.715700   27.022496
C       5.235416   12.997100   26.098396
H       4.824516   12.629000   26.872496
C       6.032316   14.153300   26.044896
H       6.283916   14.691000   26.785996
C       6.394416   14.375300   24.738096
H       6.917116   15.100100   24.414696
C       5.854416   13.332600   23.963396
H       5.955116   13.228400   23.023996
C       5.156416   12.494700   24.791596
H       4.697416   11.706800   24.527696
C       3.150816   19.268600   21.790696
H       3.286916   19.992900   22.390296
C       4.130716   18.351500   21.340396
H       5.055616   18.362200   21.564496
C       3.499316   17.420700   20.496396
H       3.906616   16.682300   20.059596
C       2.169216   17.785400   20.427196
H       1.505116   17.329600   19.922596
C       1.949916   18.898600   21.189196
H       1.118416   19.346700   21.288796
C      -4.708584    9.408000   32.575796
H      -4.096184    8.905600   33.098596
C      -4.427884   10.600400   31.961696
H      -3.593584   11.052600   31.977196
C      -5.576184   11.034000   31.313096
H      -5.674884   11.826800   30.798096
C      -6.570184   10.063600   31.571296
H      -7.470484   10.111900   31.269596
C      -6.045484    9.039800   32.320696
H      -6.488484    8.249500   32.605696
C      -8.397184    5.827500   28.154696
H      -9.004884    6.470300   28.501696
C      -8.029984    5.672700   26.803796
H      -8.315984    6.186200   26.057396
C      -7.152584    4.595600   26.813196
H      -6.750684    4.226300   26.037596
C      -6.950284    4.151700   28.038196
H      -6.365284    3.444900   28.285296
C      -7.713084    4.879500   28.875796
H      -7.772184    4.754800   29.817396
C      -0.584584    5.423200   28.252296
H      -0.289184    5.369500   27.350596
C      -1.418384    4.542300   28.850596
H      -1.824484    3.780300   28.455796
C      -1.552984    4.981000   30.154196
H      -2.079784    4.564000   30.828496
C      -0.806284    6.116600   30.314796
H      -0.712684    6.618700   31.115696
C      -0.230484    6.390200   29.127696
H       0.327916    7.135000   28.938496
O       0.534216    8.417000   19.051096
O      -0.102184   10.058400   17.634096
O       2.150016   15.134000   21.746596
O       3.046216   13.551100   23.056496
C       0.392816    9.643700   18.736196
C       0.908516   10.696700   19.674596
C       1.322516   10.452400   20.975096
C       1.786716   11.572500   21.711896
H       2.085016   11.444200   22.606296
C       1.816516   12.849100   21.167196
C       1.457416   13.057300   19.869796
C       0.948416   11.982000   19.158196
H       0.617016   12.131300   18.279296
C       2.351416   13.895200   22.061496
C       1.292216    9.105200   21.664696
H       1.636216    9.197600   22.578296
H       1.848716    8.469500   21.169096
H       0.369216    8.774700   21.696996
C       1.402716   14.394200   19.173896
H       1.114616   14.267200   18.245396
H       2.295116   14.802800   19.183696
H       0.770416   14.980300   19.636096
O      -2.913284   10.285500   16.780696
O      -4.413084    8.743900   17.438796
O      -8.548384   13.540800   20.124896
O      -7.147984   15.196000   19.529696
C      -4.007984    9.934500   17.344396
C      -4.995984   10.972000   17.851296
C      -6.345584   10.774100   18.128396
C      -7.095784   11.794400   18.701596
H      -8.015284   11.659000   18.890096
C      -6.494784   13.014300   18.994396
C      -5.148784   13.212200   18.717296
C      -4.400184   12.191900   18.147296
H      -3.478284   12.327400   17.956996
C      -7.135184    9.440700   17.838696
H      -8.068084    9.545600   18.121696
H      -6.725184    8.702400   18.337596
H      -7.104684    9.243400   16.880096
C      -4.454684   14.545600   19.000696
H      -3.513484   14.485700   18.739496
H      -4.515984   14.747600   19.958996
H      -4.893284   15.256800   18.489496
C      -4.800084   11.025300   18.005596
C      -6.079184   10.621000   18.358296
H      -6.342084    9.715300   18.245996
C      -6.981884   11.545000   18.877896
C      -6.598384   12.869800   19.044796
C      -5.319284   13.274100   18.692096
H      -5.056684   14.180400   18.805096
C      -4.416684   12.353600   18.172496
C      -2.952684   13.005700   17.810396
H      -2.363784   12.309800   17.450496
H      -2.553684   13.381700   18.623596
H      -3.066284   13.714800   17.144696
C      -8.361584   10.973700   19.151896
H      -8.940084   11.675800   19.515796
H      -8.289884   10.241600   19.801096
H      -8.745584   10.632800   18.317696
C      -7.496884   13.943400   19.617896
O      -1.431384    6.403900   19.866696
O      -3.563584    6.546700   19.271496
O      -2.793784    6.545000   26.627396
O      -4.955284    6.428000   26.088996
C      -2.647084    6.563900   20.137496
C      -2.994184    6.686100   21.579696
C      -4.311784    6.619000   22.055196
C      -4.462484    6.610400   23.431296
H      -5.340884    6.528000   23.785196
C      -3.385184    6.717100   24.341296
C      -2.134584    6.887400   23.865796
C      -1.933784    6.839200   22.467696
H      -1.050884    6.912400   22.124996
C      -3.724084    6.562200   25.808696
C      -5.578284    6.526100   21.176596
H      -5.321584    6.543400   20.230896
H      -6.165284    7.286300   21.369896
H      -6.049684    5.690100   21.372296
C      -0.889784    7.133400   24.697096
H      -0.113884    7.222000   24.106696
H      -0.751884    6.381000   25.309396
H      -1.002184    7.958800   25.215296
O      -6.291584   17.143700   21.513596
O      -6.935284   16.951000   23.648496
O      -0.100284   17.116100   25.137996
O       0.385216   17.152300   22.939996
C      -6.072984   16.968200   22.747896
C      -4.624184   16.863200   23.135296
C      -4.154884   16.870100   24.410596
C      -2.778184   16.899300   24.649896
H      -2.462584   16.940600   25.543896
C      -1.864384   16.866600   23.601296
C      -2.339984   16.703200   22.303896
C      -3.718484   16.737600   22.102396
H      -4.050884   16.670400   21.213996
C      -0.428084   17.037000   23.909896
C      -5.037484   16.913100   25.679596
H      -4.466384   16.910700   26.475596
H      -5.623584   16.127200   25.695796
H      -5.583384   17.726800   25.670896
C      -1.470784   16.405500   21.129396
H      -0.530984   16.412700   21.406696
H      -1.611484   17.086500   20.437396
H      -1.698284   15.523200   20.768496
O      -8.795284   14.819200   24.457796
O      -9.433284   13.294800   22.927396
O      -6.868484    8.346400   27.200496
O      -6.150184    9.950000   28.595496
C      -8.875384   13.633700   24.016996
C      -8.304684   12.570400   24.999396
C      -8.299384   11.261100   24.536496
C      -7.793484   10.242500   25.336396
H      -7.788784    9.346500   25.017096
C      -7.296484   10.533300   26.599096
C      -7.303484   11.842600   27.065096
C      -7.805784   12.861200   26.265296
H      -7.811684   13.756400   26.583696
C      -8.749784   10.645100   23.135296
H      -8.609384    9.675000   23.142596
H      -8.219484   11.045800   22.414596
H      -9.699984   10.835500   22.984696
C      -6.860584   12.627200   28.378196
H      -6.483384   11.996300   29.024996
H      -7.642084   13.070600   28.771396
H      -6.187184   13.300000   28.145396
C      -8.330984   12.508500   24.810496
C      -8.227584   11.166400   24.486196
H      -8.539984   10.855300   23.645996
C      -7.663884   10.276900   25.392996
C      -7.207084   10.734600   26.624296
C      -7.308884   12.083500   26.945496
H      -6.995184   12.395700   27.786396
C      -7.872584   12.973000   26.038596
C      -7.671184   14.246200   26.895096
H      -8.019984   15.020900   26.411396
H      -6.716984   14.369400   27.073996
H      -8.152984   14.143600   27.743196
C      -7.672884    8.826500   24.615296
H      -7.285584    8.145600   25.195796
H      -7.140784    8.902000   23.792896
H      -8.593384    8.589300   24.387196
C      -6.699284    9.561200   27.543796
O       2.413916   13.530500   25.944096
O       1.050416   15.054900   26.844696
O      -1.821084    8.661300   28.453796
O      -3.263484   10.156500   29.288296
C       1.347216   13.859100   26.542396
C       0.412116   12.806100   27.008496
C       0.583116   11.448600   26.696696
C      -0.293084   10.552200   27.254096
H      -0.160284    9.626000   27.092596
C      -1.366884   10.941000   28.044496
C      -1.591284   12.300300   28.308996
C      -0.678384   13.184700   27.742196
H      -0.824184   14.113400   27.875596
C      -2.200384    9.848500   28.649096
C       1.672116   10.892900   25.774096
H       2.228016   11.629000   25.444196
H       1.255716   10.431900   25.016896
H       2.231216   10.260600   26.273896
C      -2.761284   12.868100   29.080496
H      -3.316584   12.133700   29.419096
H      -3.298684   13.436000   28.489296
H      -2.430484   13.400300   29.833096
